19,18,16
18,19,16
10,17,18
17,10,18
16,20,12
20,16,12
332,425,814
425,332,814
287,896,282
896,287,282
938,891,817
891,938,817
644,868,446
868,644,446
887,693,50
693,887,50
116,461,822
461,116,822
380,30,128
30,380,128
853,69,231
69,853,231
435,97,293
97,435,293
501,501,637
501,501,637
200,806,526
806,200,526
316,113,856
113,316,856
79,101,136
101,79,136
476,663,510
663,476,510
269,606,513
606,269,513
482,601,725
601,482,725
787,322,280
322,787,280
749,169,489
169,749,489
802,25,532
25,802,532
553,885,17
885,553,17
346,466,48
466,346,48
169,631,52
631,169,52
60,284,45
284,60,45
445,617,318
617,445,318
538,199,609
199,538,609
509,863,104
863,509,104
813,258,832
258,813,832
196,196,194
196,196,194
398,902,197
902,398,197
733,937,553
937,733,553
184,118,196
118,184,196
856,188,89
188,856,89
425,467,118
467,425,118
140,41,180
41,140,180
515,942,673
942,515,673
779,728,443
728,779,443
704,819,61
819,704,61
128,286,203
286,128,203
159,546,592
546,159,592
536,176,568
176,536,568
55,320,497
320,55,497
52,421,13
421,52,13
601,31,585
31,601,585
100,701,710
701,100,710
953,395,275
395,953,275
949,283,317
283,949,317
630,848,695
848,630,695
77,740,86
740,77,86
712,10,47
10,712,47
168,199,861
199,168,861
343,170,96
170,343,96
664,120,737
120,664,737
848,760,463
760,848,463
122,100,523
100,122,523
935,384,652
384,935,652
181,181,164
181,181,164
870,74,673
74,870,673
303,207,302
207,303,302
700,70,49
70,700,49
594,163,941
163,594,941
71,378,246
378,71,246
107,100,746
100,107,746
761,897,85
897,761,85
660,275,530
275,660,530
128,121,94
121,128,94
349,83,352
83,349,352
851,669,240
669,851,240
506,506,281
506,506,281
582,301,57
301,582,57
226,96,280
96,226,280
413,105,625
105,413,625
125,88,8
88,125,8
224,556,705
556,224,705
299,159,532
159,299,532
601,507,104
507,601,104
384,591,147
591,384,147
465,761,732
761,465,732
890,179,254
179,890,254
736,370,196
370,736,196
314,713,623
713,314,623
106,610,112
610,106,112
506,88,386
88,506,386
126,688,652
688,126,652
925,825,701
825,925,701
432,342,403
342,432,403
570,751,653
751,570,653
218,526,611
526,218,611
176,530,202
530,176,202
579,705,322
705,579,322
161,187,136
187,161,136
696,744,674
744,696,674
642,409,430
409,642,430
364,721,154
721,364,154
413,721,662
721,413,662
197,351,83
351,197,83
378,260,36
260,378,36
278,918,575
918,278,575
334,831,652
831,334,652
462,744,145
744,462,145
378,742,59
742,378,59
404,625,688
625,404,688
320,570,285
570,320,285
731,321,630
321,731,630
606,906,423
906,606,423
338,391,937
391,338,937
173,20,244
20,173,244
765,64,942
64,765,942
277,622,303
622,277,303
778,775,303
775,778,303
752,481,812
481,752,812
728,723,230
723,728,230
826,58,601
58,826,601
218,938,766
938,218,766
102,894,587
894,102,587
169,253,912
253,169,912
493,669,147
669,493,147
912,891,436
891,912,436
851,156,635
156,851,635
645,940,902
940,645,902
115,310,500
310,115,500
882,214,356
214,882,356
237,430,263
430,237,263
331,689,43
689,331,43
691,353,176
353,691,176
881,887,623
887,881,623
132,596,857
596,132,857
650,202,442
202,650,442
732,639,681
639,732,681
699,544,803
544,699,803
509,747,842
747,509,842
94,167,785
167,94,785
369,576,622
576,369,622
380,395,521
395,380,521
84,172,610
172,84,610
515,909,647
909,515,647
365,775,711
775,365,711
35,771,712
771,35,712
24,136,401
136,24,401
651,896,18
896,651,18
200,200,170
200,200,170
410,119,24
119,410,24
867,762,21
762,867,21
630,597,366
597,630,366
717,218,62
218,717,62
548,505,589
505,548,589
706,708,101
708,706,101
533,707,404
707,533,404
29,83,510
83,29,510
612,399,372
399,612,372
174,208,40
208,174,40
339,214,950
214,339,950
156,877,756
877,156,756
551,245,419
245,551,419
928,313,797
313,928,797
563,46,629
46,563,629
344,644,590
644,344,590
282,233,647
233,282,647
769,466,480
466,769,480
794,714,380
714,794,380
591,720,344
720,591,344
716,525,556
525,716,556
731,103,890
103,731,890
174,466,95
466,174,95
256,385,117
385,256,117
41,670,361
670,41,361
929,220,621
220,929,621
636,181,558
181,636,558
926,844,330
844,926,330
773,951,462
951,773,462
341,268,631
268,341,631
43,531,735
531,43,735
333,230,430
230,333,430
949,338,686
338,949,686
934,315,523
315,934,523
132,697,796
697,132,796
307,526,796
526,307,796
19,774,80
774,19,80
853,185,95
185,853,95
504,574,392
574,504,392
195,195,181
195,195,181
41,926,919
926,41,919
874,679,884
679,874,884
853,371,131
371,853,131
747,661,10
661,747,10
879,734,804
734,879,804
557,488,79
488,557,79
316,145,246
145,316,246
214,256,696
256,214,696
226,789,169
789,226,169
395,661,469
661,395,469
434,208,394
208,434,394
31,909,705
909,31,705
560,349,133
349,560,133
220,594,677
594,220,677
600,372,97
372,600,97
642,594,455
594,642,455
298,171,323
171,298,323
816,268,682
268,816,682
327,891,590
891,327,590
119,696,615
696,119,615
486,201,862
201,486,862
120,295,691
295,120,691
428,836,337
836,428,337
478,53,411
53,478,411
16,19,18
19,16,18
17,18,10
18,17,10
12,16,20
16,12,20
210,210,919
210,210,919
732,91,308
91,732,308
297,68,515
68,297,515
441,89,174
89,441,174
222,578,23
578,222,23
530,772,793
772,530,793
612,872,9
872,612,9
34,556,814
556,34,814
223,648,251
648,223,251
179,159,582
159,179,582
295,498,310
498,295,310
171,375,603
375,171,603
946,719,933
719,946,933
399,330,719
330,399,719
389,844,35
844,389,35
29,2,199
2,29,199
865,128,653
128,865,653
383,368,387
368,383,387
141,141,199
141,141,199
1,515,198
515,1,198
705,659,224
659,705,224
660,932,270
932,660,270
681,875,154
875,681,154
792,708,149
708,792,149
216,725,512
725,216,512
780,149,595
149,780,595
816,449,42
449,816,42
841,388,106
388,841,106
722,816,574
816,722,574
786,789,279
789,786,279
9,434,122
434,9,122
417,416,47
416,417,47
887,589,436
589,887,436
48,565,87
565,48,87
523,352,199
352,523,199
554,853,796
853,554,796
64,704,767
704,64,767
816,801,230
801,816,230
513,435,367
435,513,367
693,338,743
338,693,743
583,857,184
857,583,184
440,608,332
608,440,332
118,421,911
421,118,911
390,885,942
885,390,942
712,148,137
148,712,137
841,413,551
413,841,551
764,595,313
595,764,313
907,474,719
474,907,719
309,243,578
243,309,578
121,953,934
953,121,934
224,504,49
504,224,49
945,377,383
377,945,383
547,755,313
755,547,313
526,323,793
323,526,793
160,479,951
479,160,951
798,156,565
156,798,565
940,761,322
761,940,322
274,883,49
883,274,49
863,842,418
842,863,418
711,760,120
760,711,120
890,686,461
686,890,461
477,497,86
497,477,86
395,395,784
395,395,784
896,6,418
6,896,418
791,277,383
277,791,383
819,614,383
614,819,383
651,915,893
915,651,893
380,238,453
238,380,453
425,803,249
803,425,249
590,745,142
745,590,142
187,290,460
290,187,460
947,628,859
628,947,859
533,938,603
938,533,603
248,916,514
916,248,514
667,410,545
410,667,545
338,801,783
801,338,783
187,187,200
187,187,200
593,331,521
331,593,521
915,540,590
540,915,590
925,358,927
358,925,927
850,231,710
231,850,710
100,763,572
763,100,572
708,722,371
722,708,371
350,744,698
744,350,698
333,124,215
124,333,215
643,195,788
195,643,788
498,631,712
631,498,712
339,45,204
45,339,204
222,582,763
582,222,763
311,209,92
209,311,92
219,318,380
318,219,380
545,410,911
410,545,911
786,727,889
727,786,889
556,213,298
213,556,298
668,226,152
226,668,152
609,846,189
846,609,189
517,953,713
953,517,713
592,264,810
264,592,810
340,850,913
850,340,913
82,918,561
918,82,561
35,104,623
104,35,623
943,586,822
586,943,822
717,351,896
351,717,896
196,196,142
196,196,142
295,928,348
928,295,348
881,281,172
281,881,172
668,50,831
50,668,831
571,553,575
553,571,575
496,909,70
909,496,70
692,620,514
620,692,514
55,600,758
600,55,758
430,525,766
525,430,766
556,665,587
665,556,587
438,389,103
389,438,103
248,712,866
712,248,866
849,513,269
513,849,269
266,860,643
860,266,643
54,824,621
824,54,621
145,746,282
746,145,282
809,444,49
444,809,49
82,424,912
424,82,912
606,65,554
65,606,554
544,784,952
784,544,952
931,747,109
747,931,109
837,263,269
263,837,269
623,469,883
469,623,883
809,258,748
258,809,748
311,931,35
931,311,35
836,91,14
91,836,14
870,198,738
198,870,738
482,57,706
57,482,706
421,425,443
425,421,443
661,504,779
504,661,779
210,912,438
912,210,438
489,34,428
34,489,428
600,311,220
311,600,220
688,783,70
783,688,70
901,659,329
659,901,329
315,848,57
848,315,57
574,720,424
720,574,424
203,669,518
669,203,518
118,658,126
658,118,126
789,306,218
306,789,218
758,273,666
273,758,666
318,431,753
431,318,753
296,219,109
219,296,109
129,116,872
116,129,872
218,621,63
621,218,63
855,476,317
476,855,317
161,407,191
407,161,191
29,663,495
663,29,495
17,790,596
790,17,596
182,557,139
557,182,139
235,892,554
892,235,554
20,46,52
46,20,52
759,67,589
67,759,589
141,141,164
141,141,164
168,789,355
789,168,355
655,699,416
699,655,416
877,474,799
474,877,799
856,719,693
719,856,693
664,818,100
818,664,100
118,925,445
925,118,445
331,80,487
80,331,487
81,816,365
816,81,365
255,909,509
909,255,509
941,205,495
205,941,495
383,281,88
281,383,88
918,19,141
19,918,141
570,109,650
109,570,650
108,573,491
573,108,491
243,388,894
388,243,894
724,519,578
519,724,578
622,265,873
265,622,873
782,118,607
118,782,607
718,626,277
626,718,277
350,500,704
500,350,704
700,620,491
620,700,491
621,758,222
758,621,222
31,28,503
28,31,503
806,324,789
324,806,789
873,795,763
795,873,763
227,227,89
227,227,89
401,297,660
297,401,660
194,286,564
286,194,564
700,317,799
317,700,799
270,148,1
148,270,1
606,478,761
478,606,761
408,532,255
532,408,255
392,662,467
662,392,467
853,16,491
16,853,491
34,279,763
279,34,763
125,41,862
41,125,862
778,767,181
767,778,181
565,101,293
101,565,293
131,386,481
386,131,481
112,631,312
631,112,312
884,239,66
239,884,66
106,284,377
284,106,377
130,67,751
67,130,751
42,838,124
838,42,124
577,548,166
548,577,166
928,486,188
486,928,188
829,271,525
271,829,525
18,19,16
19,18,16
18,17,10
17,18,10
12,20,16
20,12,16
695,241,509
241,695,509
670,173,384
173,670,384
558,166,55
166,558,55
663,367,598
367,663,598
390,674,297
674,390,297
447,560,836
560,447,836
401,736,729
736,401,729
860,341,400
341,860,400
830,80,137
80,830,137
557,817,356
817,557,356
29,441,717
441,29,717
80,426,267
426,80,267
233,409,10
409,233,10
67,706,414
706,67,414
175,701,66
701,175,66
740,664,478
664,740,478
777,895,2
895,777,2
460,14,593
14,460,593
821,474,445
474,821,445
814,582,406
582,814,406
503,221,690
221,503,690
84,3,248
3,84,248
852,235,300
235,852,300
413,579,561
579,413,561
499,640,285
640,499,285
722,874,844
874,722,844
516,284,882
284,516,882
324,323,819
323,324,819
209,212,497
212,209,497
614,935,853
935,614,853
242,411,445
411,242,445
933,362,380
362,933,380
6,518,155
518,6,155
648,130,808
130,648,808
191,578,819
578,191,819
678,831,822
831,678,822
82,219,465
219,82,465
912,91,581
91,912,581
467,884,244
884,467,244
815,484,132
484,815,132
953,532,810
532,953,810
200,200,191
200,200,191
445,711,417
711,445,417
311,420,150
420,311,150
894,375,133
375,894,133
451,904,430
904,451,430
671,364,540
364,671,540
222,65,846
65,222,846
803,847,855
847,803,855
22,325,404
325,22,404
205,647,668
647,205,668
74,452,795
452,74,795
627,847,57
847,627,57
455,15,869
15,455,869
48,761,753
761,48,753
635,195,422
195,635,422
619,717,231
717,619,231
426,94,777
94,426,777
533,257,588
257,533,588
818,81,925
81,818,925
923,541,785
541,923,785
749,688,207
688,749,207
381,163,664
163,381,664
555,401,266
401,555,266
713,541,928
541,713,928
520,48,897
48,520,897
397,649,362
649,397,362
336,91,839
91,336,839
519,127,788
127,519,788
204,29,365
29,204,365
572,768,307
768,572,307
105,267,417
267,105,417
88,23,468
23,88,468
208,817,857
817,208,857
133,413,618
413,133,618
566,635,558
635,566,558
167,413,184
413,167,184
198,198,183
198,198,183
389,530,806
530,389,806
736,941,453
941,736,453
608,327,953
327,608,953
27,820,856
820,27,856
242,939,580
939,242,580
115,858,499
858,115,499
116,519,833
519,116,833
844,285,244
285,844,244
318,451,929
451,318,929
791,170,673
170,791,673
681,901,646
901,681,646
794,798,194
798,794,194
943,441,787
441,943,787
796,30,795
30,796,795
274,266,324
266,274,324
911,34,722
34,911,722
256,904,57
904,256,57
150,517,449
517,150,449
578,915,739
915,578,739
616,915,361
915,616,361
776,134,9
134,776,9
235,34,844
34,235,844
623,270,466
270,623,466
882,500,703
500,882,703
472,620,487
620,472,487
519,36,949
36,519,949
436,56,687
56,436,687
135,835,446
835,135,446
423,856,337
856,423,337
600,210,387
210,600,387
479,448,394
448,479,394
791,525,488
525,791,488
537,942,879
942,537,879
66,853,741
853,66,741
906,295,934
295,906,934
126,828,120
828,126,120
483,5,789
5,483,789
1,399,465
399,1,465
952,836,822
836,952,822
481,682,465
682,481,465
738,788,371
788,738,371
509,349,216
349,509,216
320,858,63
858,320,63
800,924,205
924,800,205
229,652,112
652,229,112
253,575,823
575,253,823
288,86,709
86,288,709
322,686,412
686,322,412
521,452,473
452,521,473
823,266,362
266,823,362
856,889,457
889,856,457
67,832,487
832,67,487
384,725,557
725,384,557
203,184,407
184,203,407
118,391,66
391,118,66
544,666,637
666,544,637
65,680,293
680,65,293
878,14,357
14,878,357
504,794,692
794,504,692
622,640,506
640,622,506
182,182,141
182,182,141
892,371,475
371,892,475
502,324,382
324,502,382
40,333,136
333,40,136
435,73,705
73,435,705
836,600,630
600,836,630
579,651,50
651,579,50
229,569,401
569,229,401
861,171,105
171,861,105
945,490,434
490,945,434
560,204,136
204,560,136
161,122,530
122,161,530
81,276,66
276,81,66
707,780,675
780,707,675
115,833,542
833,115,542
237,361,241
361,237,241
732,48,652
48,732,652
471,535,65
535,471,65
304,774,362
774,304,362
774,114,362
114,774,362
663,216,379
216,663,379
544,232,603
232,544,603
711,930,592
930,711,592
494,869,597
869,494,597
52,880,502
880,52,502
3,600,362
600,3,362
609,139,862
139,609,862
886,156,539
156,886,539
907,115,929
115,907,929
454,351,567
351,454,567
705,135,417
135,705,417
486,585,866
585,486,866
607,94,700
94,607,700
239,81,772
81,239,772
939,651,341
651,939,341
882,171,758
171,882,758
653,444,747
444,653,747
842,678,233
678,842,233
538,179,506
179,538,506
809,302,74
302,809,74
52,474,22
474,52,22
248,366,835
366,248,835
195,753,492
753,195,492
197,197,187
197,197,187
62,400,712
400,62,712
371,633,704
633,371,704
270,936,809
936,270,809
542,249,237
249,542,237
443,135,851
135,443,851
506,81,762
81,506,762
901,88,647
88,901,647
647,50,762
50,647,762
456,334,559
334,456,559
87,769,439
769,87,439
795,774,232
774,795,232
81,572,780
572,81,780
18,153,635
153,18,635
862,361,648
361,862,648
339,300,692
300,339,692
138,353,592
353,138,592
256,856,275
856,256,275
951,942,493
942,951,493
868,305,842
305,868,842
821,30,471
30,821,471
71,934,115
934,71,115
684,940,393
940,684,393
18,18,19
18,18,19
17,10,18
10,17,18
12,20,16
20,12,16
541,648,354
648,541,354
339,719,126
719,339,126
340,716,147
716,340,147
870,459,109
459,870,109
477,316,944
316,477,944
583,231,534
231,583,534
181,181,142
181,181,142
906,162,615
162,906,615
745,335,52
335,745,52
275,805,239
805,275,239
820,175,944
175,820,944
290,416,358
416,290,358
487,27,741
27,487,741
38,113,827
113,38,827
236,580,52
580,236,52
435,46,75
46,435,75
193,695,466
695,193,466
596,547,166
547,596,166
155,946,676
946,155,676
8,900,656
900,8,656
757,760,287
760,757,287
108,833,338
833,108,338
610,430,126
430,610,126
569,410,105
410,569,105
459,873,853
873,459,853
835,26,581
26,835,581
291,922,853
922,291,853
230,248,722
248,230,722
265,6,278
6,265,278
37,704,908
704,37,908
240,551,518
551,240,518
625,894,591
894,625,591
231,278,891
278,231,891
422,522,822
522,422,822
297,422,53
422,297,53
231,668,723
668,231,723
2,182,677
182,2,677
467,257,539
257,467,539
772,178,812
178,772,812
576,571,492
571,576,492
418,196,270
196,418,270
489,708,893
708,489,893
713,32,317
32,713,317
947,716,340
716,947,340
841,384,294
384,841,294
195,495,52
495,195,52
844,378,21
378,844,21
91,249,697
249,91,697
207,565,930
565,207,930
787,621,432
621,787,432
52,357,375
357,52,375
822,548,319
548,822,319
364,342,62
342,364,62
305,195,314
195,305,314
929,308,790
308,929,790
914,567,525
567,914,525
705,363,882
363,705,882
478,849,264
849,478,264
315,778,326
778,315,326
171,637,689
637,171,689
497,507,737
507,497,737
829,513,475
513,829,475
194,224,774
224,194,774
686,488,135
488,686,135
929,373,703
373,929,703
431,755,808
755,431,808
810,322,138
322,810,138
482,482,15
482,482,15
772,540,747
540,772,747
739,158,868
158,739,868
714,886,697
886,714,697
734,672,790
672,734,790
384,521,95
521,384,95
717,568,473
568,717,473
484,450,751
450,484,751
922,65,825
65,922,825
641,858,190
858,641,190
33,204,430
204,33,430
309,357,106
357,309,106
499,198,410
198,499,410
273,151,654
151,273,654
496,389,228
389,496,228
266,715,70
715,266,70
441,513,767
513,441,767
330,596,115
596,330,115
67,904,732
904,67,732
829,899,550
899,829,550
547,509,393
509,547,393
879,312,793
312,879,793
198,198,185
198,198,185
451,905,14
905,451,14
631,209,802
209,631,802
238,411,368
411,238,368
584,103,690
103,584,690
703,486,902
486,703,902
431,786,792
786,431,792
655,939,295
939,655,295
447,756,778
756,447,778
938,771,843
771,938,843
263,6,763
6,263,763
284,473,190
473,284,190
907,783,73
783,907,73
80,822,322
822,80,322
197,323,868
323,197,868
514,222,732
222,514,732
781,734,58
734,781,58
837,553,58
553,837,58
256,947,793
947,256,793
268,64,516
64,268,516
675,912,451
912,675,451
284,570,119
570,284,119
226,442,224
442,226,224
907,284,242
284,907,242
80,50,629
50,80,629
695,683,711
683,695,711
100,160,860
160,100,860
542,656,363
656,542,363
523,714,801
714,523,801
211,515,92
515,211,92
934,779,371
779,934,371
910,768,506
768,910,506
117,591,586
591,117,586
630,331,337
331,630,337
81,421,536
421,81,536
226,226,303
226,226,303
344,706,151
706,344,151
446,352,479
352,446,479
459,895,212
895,459,212
381,50,544
50,381,544
853,651,187
651,853,187
346,388,605
388,346,605
548,250,464
250,548,464
637,86,433
86,637,433
560,819,437
819,560,437
626,33,943
33,626,943
98,913,128
913,98,128
506,645,819
645,506,819
357,303,859
303,357,859
752,291,483
291,752,483
271,118,700
118,271,700
392,890,790
890,392,790
469,305,713
305,469,713
146,148,953
148,146,953
380,676,224
676,380,224
673,6,668
6,673,668
425,484,128
484,425,128
194,194,181
194,194,181
467,555,405
555,467,405
459,652,199
652,459,199
671,620,887
620,671,887
580,311,838
311,580,838
753,678,793
678,753,793
109,152,760
152,109,760
693,671,365
671,693,365
35,449,240
449,35,240
465,678,531
678,465,531
574,875,587
875,574,587
208,394,499
394,208,499
200,850,820
850,200,820
670,367,708
367,670,708
818,876,383
876,818,383
477,929,543
929,477,543
555,808,340
808,555,340
675,818,765
818,675,765
520,788,625
788,520,625
54,132,846
132,54,846
557,680,578
680,557,578
345,274,690
274,345,690
506,285,640
285,506,640
771,578,785
578,771,785
204,615,589
615,204,589
247,162,189
162,247,189
820,819,271
819,820,271
905,439,288
439,905,288
90,205,620
205,90,620
155,367,877
367,155,877
909,743,587
743,909,587
382,470,947
470,382,947
99,360,363
360,99,363
945,195,745
195,945,745
459,47,217
47,459,217
284,235,619
235,284,619
2,842,385
842,2,385
266,615,493
615,266,493
933,715,915
715,933,915
272,758,716
758,272,716
366,223,92
223,366,92
634,918,249
918,634,249
187,187,195
187,187,195
458,246,256
246,458,256
915,818,332
818,915,332
230,251,593
251,230,593
10,771,579
771,10,579
590,158,922
158,590,922
197,731,909
731,197,909
381,846,244
846,381,244
324,189,233
189,324,233
402,823,392
823,402,392
137,481,581
481,137,581
484,376,906
376,484,906
554,81,275
81,554,275
70,146,553
146,70,553
559,547,882
547,559,882
18,19,16
19,18,16
18,17,10
17,18,10
20,12,16
12,20,16
409,450,255
450,409,255
594,764,534
764,594,534
496,652,527
652,496,527
153,142,683
142,153,683
866,185,457
185,866,457
369,950,63
950,369,63
83,882,471
882,83,471
230,860,207
860,230,207
635,255,404
255,635,404
472,472,460
472,472,460
427,589,566
589,427,566
156,39,896
39,156,896
196,196,142
196,196,142
80,446,90
446,80,90
791,308,117
308,791,117
630,219,88
219,630,88
893,624,240
624,893,240
154,152,256
152,154,256
344,684,947
684,344,947
438,665,626
665,438,626
83,869,692
869,83,692
62,129,640
129,62,640
303,254,438
254,303,438
429,546,737
546,429,737
102,338,700
338,102,700
447,888,762
888,447,762
159,133,263
133,159,263
917,8,379
8,917,379
429,866,309
866,429,309
773,624,381
624,773,381
198,630,533
630,198,533
177,81,714
81,177,714
151,402,567
402,151,567
488,729,826
729,488,826
644,87,342
87,644,342
580,920,722
920,580,722
396,133,691
133,396,691
573,189,286
189,573,286
292,953,419
953,292,419
86,418,311
418,86,311
541,620,3
620,541,3
798,376,432
376,798,432
136,208,623
208,136,623
285,679,554
679,285,554
114,42,158
42,114,158
274,90,717
90,274,717
799,235,603
235,799,603
756,260,24
260,756,24
656,785,575
785,656,575
67,589,465
589,67,465
47,772,718
772,47,718
162,794,176
794,162,176
520,430,250
430,520,250
8,355,750
355,8,750
683,271,260
271,683,260
832,642,708
642,832,708
28,643,421
643,28,421
537,887,813
887,537,813
627,668,717
668,627,717
451,941,317
941,451,317
77,825,415
825,77,415
764,183,187
183,764,187
938,582,236
582,938,236
421,668,381
668,421,381
190,190,142
190,190,142
353,359,420
359,353,420
164,164,23.229.132/2kFemale/F621.jpg
164,164,23.229.132/2kFemale/F621.jpg
807,669,374
669,807,374
830,336,381
336,830,381
784,842,99
842,784,99
615,600,502
600,615,502
248,28,902
28,248,902
442,122,465
122,442,465
41,382,567
382,41,567
9,884,495
884,9,495
74,197,934
197,74,934
455,286,492
286,455,492
321,796,367
796,321,367
757,638,712
638,757,712
408,503,877
503,408,877
207,316,612
316,207,612
909,688,128
688,909,128
902,391,10
391,902,10
588,262,723
262,588,723
598,577,356
577,598,356
877,519,280
519,877,280
524,209,110
209,524,110
392,259,225
259,392,225
577,37,186
37,577,186
312,745,91
745,312,91
508,431,629
431,508,629
941,743,950
743,941,950
6,289,164
289,6,164
946,296,148
296,946,148
427,767,95
767,427,95
107,505,191
505,107,191
321,443,499
443,321,499
494,248,679
248,494,679
570,868,127
868,570,127
812,112,767
112,812,767
554,667,710
667,554,710
295,927,298
927,295,298
324,835,65
835,324,65
641,752,311
752,641,311
163,915,288
915,163,288
262,9,949
9,262,949
300,634,843
634,300,843
198,470,25
470,198,25
395,219,919
219,395,919
693,169,235
169,693,235
97,475,872
475,97,872
130,18,818
18,130,818
328,288,75
288,328,75
829,572,951
572,829,951
545,238,692
238,545,692
570,941,725
941,570,725
124,280,454
280,124,454
578,754,854
754,578,854
242,742,772
742,242,772
818,417,783
417,818,783
625,815,821
815,625,821
1,534,797
534,1,797
457,145,32
145,457,32
199,853,259
853,199,259
48,48,523
48,48,523
800,641,747
641,800,747
168,287,23
287,168,23
654,521,220
521,654,220
635,406,891
406,635,891
124,173,218
173,124,218
863,282,953
282,863,953
754,253,93
253,754,93
946,546,47
546,946,47
167,793,248
793,167,248
346,532,882
532,346,882
808,267,839
267,808,839
893,561,232
561,893,232
713,792,376
792,713,376
347,924,577
924,347,577
181,181,164
181,181,164
275,226,133
226,275,133
790,671,865
671,790,865
410,412,240
412,410,240
211,779,360
779,211,360
177,609,492
609,177,492
893,541,953
541,893,953
824,824,23.229.132/2kFemale/F182.jpg
824,824,23.229.132/2kFemale/F182.jpg
477,780,344
780,477,344
695,111,778
111,695,778
272,785,165
785,272,165
736,466,331
466,736,331
769,181,931
181,769,931
670,402,458
402,670,458
243,529,676
529,243,676
119,369,490
369,119,490
740,304,653
304,740,653
75,356,863
356,75,863
559,630,794
630,559,794
225,210,241
210,225,241
864,454,847
454,864,847
219,634,619
634,219,619
688,439,667
439,688,667
212,516,347
516,212,347
663,482,567
482,663,567
275,710,305
710,275,305
312,40,89
40,312,89
497,310,724
310,497,724
836,773,669
773,836,669
72,561,642
561,72,642
413,479,768
479,413,768
678,419,630
419,678,630
200,200,190
200,200,190
658,245,666
245,658,666
23,123,705
123,23,705
825,29,529
29,825,529
109,797,19
797,109,19
450,637,908
637,450,908
200,853,474
853,200,474
322,409,801
409,322,801
646,486,338
486,646,338
450,561,509
561,450,509
1,895,136
895,1,136
628,410,388
410,628,388
537,138,220
138,537,220
129,34,432
34,129,432
695,857,585
857,695,585
746,270,848
270,746,848
397,148,321
148,397,321
78,653,812
653,78,812
579,135,757
135,579,757
419,11,224
11,419,224
73,496,658
496,73,658
163,757,845
757,163,845
445,78,209
78,445,209
309,728,411
728,309,411
573,375,373
375,573,373
537,911,943
911,537,943
235,697,163
697,235,163
887,606,46
606,887,46
370,23,54
23,370,54
892,597,30
597,892,30
674,661,253
661,674,253
914,938,509
938,914,509
754,253,950
253,754,950
17,18,10
18,17,10
16,12,20
12,16,20
232,429,827
429,232,827
799,647,755
647,799,755
585,940,405
940,585,405
364,300,519
300,364,519
508,311,304
311,508,304
232,715,171
715,232,171
881,840,78
840,881,78
643,572,589
572,643,589
398,613,204
613,398,204
728,47,691
47,728,691
779,353,806
353,779,806
116,187,843
187,116,843
180,278,22
278,180,22
544,917,536
917,544,536
544,914,662
914,544,662
129,345,574
345,129,574
437,669,554
669,437,554
804,739,226
739,804,226
675,190,936
190,675,936
183,183,174
183,183,174
38,941,34
941,38,34
382,386,107
386,382,107
480,359,654
359,480,654
169,522,490
522,169,490
709,644,801
644,709,801
521,543,607
543,521,607
843,198,721
198,843,721
380,324,163
324,380,163
455,833,111
833,455,111
212,212,922
212,212,922
123,241,460
241,123,460
363,493,145
493,363,145
158,509,471
509,158,471
871,610,627
610,871,627
216,877,344
877,216,344
862,794,689
794,862,689
823,162,884
162,823,884
606,93,864
93,606,864
488,80,310
80,488,310
254,210,338
210,254,338
818,168,865
168,818,865
365,284,658
284,365,658
604,938,345
938,604,345
442,820,366
820,442,366
39,222,240
222,39,240
164,347,331
347,164,331
338,470,758
470,338,758
953,405,61
405,953,61
772,451,152
451,772,152
26,594,190
594,26,190
783,314,164
314,783,164
733,478,865
478,733,865
103,171,930
171,103,930
181,630,896
630,181,896
21,769,444
769,21,444
284,659,204
659,284,204
543,573,866
573,543,866
161,883,792
883,161,792
416,56,545
56,416,545
262,78,203
78,262,203
187,187,141
187,187,141
172,598,546
598,172,546
612,666,100
666,612,100
284,925,25
925,284,25
927,504,871
504,927,871
627,412,154
412,627,154
517,5,820
5,517,820
880,579,68
579,880,68
3,287,905
287,3,905
859,894,493
894,859,493
142,677,626
677,142,626
949,810,467
810,949,467
452,553,323
553,452,323
953,911,16
911,953,16
366,327,740
327,366,740
646,574,686
574,646,686
501,853,821
853,501,821
533,827,442
827,533,442
566,404,842
404,566,842
193,159,143
159,193,143
74,156,863
156,74,863
158,173,171
173,158,171
320,912,419
912,320,419
145,333,473
333,145,473
622,737,411
737,622,411
694,679,458
679,694,458
867,805,836
805,867,836
768,506,217
506,768,217
112,712,485
712,112,485
558,882,114
882,558,114
133,716,731
716,133,731
79,208,832
208,79,832
219,605,174
605,219,174
457,358,482
358,457,482
539,120,785
120,539,785
939,604,601
604,939,601
695,818,610
818,695,610
603,655,771
655,603,771
68,48,712
48,68,712
81,378,204
378,81,204
522,719,527
719,522,527
216,238,669
238,216,669
530,31,625
31,530,625
344,614,65
614,344,65
879,749,469
749,879,469
166,900,233
900,166,233
755,139,203
139,755,203
611,876,217
876,611,217
798,463,135
463,798,135
574,90,630
90,574,630
553,911,690
911,553,690
476,541,406
541,476,406
836,818,248
818,836,248
575,457,947
457,575,947
50,97,280
97,50,280
38,447,199
447,38,199
31,723,180
723,31,180
686,106,207
106,686,207
709,737,422
737,709,422
826,259,365
259,826,365
515,160,97
160,515,97
174,174,193
174,174,193
178,467,13
467,178,13
8,746,883
746,8,883
727,256,101
256,727,101
204,378,498
378,204,498
453,452,340
452,453,340
126,795,723
795,126,723
344,205,790
205,344,790
889,38,924
38,889,924
13,881,359
881,13,359
672,5,515
5,672,515
209,305,879
305,209,879
447,100,768
100,447,768
773,133,839
133,773,839
51,759,84
759,51,84
930,887,604
887,930,604
540,358,613
358,540,613
25,624,754
624,25,754
563,868,761
868,563,761
407,144,944
144,407,944
417,901,467
901,417,467
107,925,466
925,107,466
707,675,427
675,707,427
786,949,731
949,786,731
812,611,770
611,812,770
883,247,793
247,883,793
162,842,369
842,162,369
380,77,110
77,380,110
33,658,698
658,33,698
73,277,534
277,73,534
640,914,85
914,640,85
608,566,709
566,608,709
618,458,64
458,618,64
279,640,128
640,279,128
874,286,324
286,874,324
844,113,800
113,844,800
727,619,94
619,727,94
793,717,356
717,793,356
27,721,758
721,27,758
790,802,633
802,790,633
730,363,622
363,730,622
898,108,916
108,898,916
563,582,179
582,563,179
549,802,50
802,549,50
822,358,645
358,822,645
755,50,859
50,755,859
593,928,61
928,593,61
44,176,49
176,44,49
634,199,334
199,634,334
220,159,356
159,220,356
881,481,862
481,881,862
486,703,364
703,486,364
608,128,367
128,608,367
209,901,840
901,209,840
599,685,23
685,599,23
432,316,215
316,432,215
777,441,93
441,777,93
856,734,474
734,856,474
1,143,400
143,1,400
846,53,669
53,846,669
571,573,10
573,571,10
481,270,732
270,481,732
729,326,19
326,729,19
945,672,274
672,945,274
422,432,435
432,422,435
271,414,307
414,271,307
245,905,942
905,245,942
598,919,863
919,598,863
831,261,572
261,831,572
511,656,184
656,511,184
347,120,942
120,347,942
280,357,110
357,280,110
85,522,326
522,85,326
115,545,392
545,115,392
590,431,327
431,590,327
250,620,58
620,250,58
194,715,827
715,194,827
170,170,185
170,170,185
477,142,418
142,477,418
489,615,439
615,489,439
327,619,470
619,327,470
589,126,365
126,589,365
593,376,342
376,593,342
18,19,16
19,18,16
10,17,18
17,10,18
12,16,20
16,12,20
44,801,236
801,44,236
247,698,112
698,247,112
888,88,946
88,888,946
322,446,557
446,322,557
639,127,420
127,639,420
8,485,520
485,8,520
287,700,472
700,287,472
578,790,778
790,578,778
302,46,746
46,302,746
648,490,864
490,648,864
330,369,238
369,330,238
468,85,239
85,468,239
431,68,862
68,431,862
196,196,142
196,196,142
392,225,286
225,392,286
777,696,86
696,777,86
338,151,126
151,338,126
39,230,697
230,39,697
376,522,419
522,376,419
668,107,582
107,668,582
350,228,102
228,350,102
780,1,894
1,780,894
725,467,871
467,725,871
255,175,923
175,255,923
476,790,271
790,476,271
927,559,740
559,927,740
186,172,672
172,186,672
596,375,343
375,596,343
63,174,788
174,63,788
705,804,258
804,705,258
615,111,200
111,615,200
405,515,908
515,405,908
155,923,909
923,155,909
379,895,510
895,379,510
427,608,675
608,427,675
937,237,104
237,937,104
771,709,711
709,771,711
570,773,92
773,570,92
229,67,569
67,229,569
102,8,611
8,102,611
402,749,610
749,402,610
775,73,286
73,775,286
1,206,882
206,1,882
620,588,166
588,620,166
716,497,380
497,716,380
98,949,498
949,98,498
633,620,694
620,633,694
569,874,580
874,569,580
84,789,653
789,84,653
498,282,441
282,498,441
669,60,83
60,669,83
539,759,618
759,539,618
150,56,714
56,150,714
817,861,211
861,817,211
539,752,607
752,539,607
478,756,771
756,478,771
666,262,126
262,666,126
28,599,130
599,28,130
792,414,150
414,792,150
97,174,464
174,97,464
507,906,236
906,507,236
260,163,632
163,260,632
127,722,432
722,127,432
360,324,778
324,360,778
558,175,74
175,558,74
516,662,491
662,516,491
754,73,348
73,754,348
272,245,742
245,272,742
204,859,521
859,204,521
710,454,161
454,710,161
726,449,257
449,726,257
700,943,118
943,700,118
174,87,72
87,174,72
886,269,283
269,886,283
925,898,607
898,925,607
885,810,856
810,885,856
147,788,287
788,147,287
778,366,620
366,778,620
363,822,581
822,363,581
790,511,255
511,790,255
308,129,193
129,308,193
323,692,279
692,323,279
873,284,81
284,873,81
837,736,21
736,837,21
669,469,921
469,669,921
454,248,556
248,454,556
921,623,298
623,921,298
370,732,480
732,370,480
189,189,193
189,189,193
637,309,761
309,637,761
310,609,564
609,310,564
749,125,49
125,749,49
343,73,530
73,343,530
31,691,138
691,31,138
453,168,411
168,453,411
186,748,711
748,186,711
467,948,454
948,467,454
270,4,617
4,270,617
844,264,114
264,844,114
357,731,181
731,357,181
322,927,577
927,322,577
521,417,637
417,521,637
710,7,872
7,710,872
952,306,128
306,952,128
530,922,283
922,530,283
942,391,353
391,942,353
155,155,249
155,155,249
629,553,866
553,629,866
901,608,909
608,901,909
142,142,183
142,142,183
65,922,417
922,65,417
236,631,746
631,236,746
241,195,630
195,241,630
529,219,7
219,529,7
516,751,827
751,516,827
878,212,80
212,878,80
569,7,105
7,569,105
731,374,21
374,731,21
480,305,748
305,480,748
706,706,722
706,706,722
530,94,601
94,530,601
275,884,720
884,275,720
438,247,413
247,438,413
532,684,657
684,532,657
805,730,578
730,805,578
717,477,752
477,717,752
374,509,834
509,374,834
43,887,229
887,43,229
49,697,157
697,49,157
66,860,568
860,66,568
329,313,239
313,329,239
531,544,330
544,531,330
254,425,217
425,254,217
782,115,495
115,782,495
416,776,755
776,416,755
332,653,755
653,332,755
290,360,783
360,290,783
667,521,341
521,667,341
607,501,247
501,607,247
437,721,199
721,437,199
422,310,652
310,422,652
828,208,394
208,828,394
291,587,235
587,291,235
521,247,268
247,521,268
483,128,400
128,483,400
751,172,923
172,751,923
934,900,2
900,934,2
927,865,763
865,927,763
152,633,286
633,152,286
71,733,778
733,71,778
769,898,500
898,769,500
38,255,731
255,38,731
402,750,445
750,402,445
591,486,63
486,591,63
338,323,909
323,338,909
622,289,578
289,622,578
572,30,803
30,572,803
829,209,865
209,829,865
378,549,363
549,378,363
288,581,686
581,288,686
311,946,369
946,311,369
179,899,902
899,179,902
398,147,514
147,398,514
186,186,182
186,186,182
884,772,432
772,884,432
765,172,668
172,765,668
131,536,367
536,131,367
440,331,303
331,440,303
152,628,764
628,152,764
546,148,478
148,546,478
430,768,752
768,430,752
710,312,390
312,710,390
424,910,435
910,424,435
166,712,112
712,166,112
777,274,345
274,777,345
748,502,544
502,748,544
797,202,818
202,797,818
46,438,367
438,46,367
225,439,27
439,225,27
516,300,605
300,516,605
443,647,419
647,443,419
527,683,136
683,527,136
821,427,567
427,821,567
847,455,499
455,847,499
247,808,899
808,247,899
923,733,133
733,923,133
9,640,861
640,9,861
762,266,758
266,762,758
700,219,21
219,700,21
180,542,309
542,180,309
598,801,166
801,598,166
355,386,642
386,355,642
403,70,687
70,403,687
490,523,198
523,490,198
630,894,376
894,630,376
177,549,278
549,177,278
19,550,887
550,19,887
608,862,404
862,608,404
65,360,173
360,65,173
443,108,677
108,443,677
146,131,152
131,146,152
66,53,270
53,66,270
158,680,487
680,158,487
102,923,698
923,102,698
18,19,16
19,18,16
18,17,10
17,18,10
16,12,20
12,16,20
107,600,58
600,107,58
228,743,588
743,228,588
72,563,14
563,72,14
657,812,630
812,657,630
689,635,91
635,689,91
670,874,633
874,670,633
55,164,137
164,55,137
261,897,892
897,261,892
831,350,609
350,831,609
52,248,540
248,52,540
330,394,712
394,330,712
635,725,820
725,635,820
276,165,308
165,276,308
358,520,107
520,358,107
195,195,164
195,195,164
682,382,138
382,682,138
244,292,15
292,244,15
601,14,301
14,601,301
738,764,286
764,738,286
457,189,562
189,457,562
8,342,604
342,8,604
309,610,837
610,309,837
493,674,774
674,493,774
493,844,143
844,493,143
809,560,917
560,809,917
25,787,182
787,25,182
91,883,426
883,91,426
122,123,128
123,122,128
835,830,165
830,835,165
205,487,252
487,205,252
432,72,120
72,432,120
283,145,570
145,283,570
854,520,713
520,854,713
441,382,674
382,441,674
787,290,782
290,787,782
446,437,767
437,446,767
811,914,733
914,811,733
858,132,738
132,858,738
597,450,29
450,597,29
301,297,329
297,301,329
415,57,363
57,415,363
527,695,529
695,527,529
397,515,109
515,397,109
291,455,643
455,291,643
862,953,603
953,862,603
834,834,65
834,834,65
13,218,416
218,13,416
28,181,757
181,28,757
372,54,452
54,372,452
225,647,110
647,225,110
226,519,179
519,226,179
199,215,496
215,199,496
588,36,638
36,588,638
252,292,872
292,252,872
587,89,597
89,587,597
302,159,282
159,302,282
516,189,817
189,516,817
679,598,496
598,679,496
294,920,239
920,294,239
766,509,536
509,766,536
73,267,348
267,73,348
841,417,907
417,841,907
105,924,793
924,105,793
423,128,512
128,423,512
350,796,310
796,350,310
715,715,464
715,715,464
264,497,507
497,264,507
59,629,149
629,59,149
648,671,439
671,648,439
158,424,380
424,158,380
88,946,92
946,88,92
673,38,209
38,673,209
184,740,823
740,184,823
729,232,649
232,729,649
748,573,299
573,748,299
845,305,626
305,845,626
859,89,296
89,859,296
200,200,170
200,200,170
754,378,566
378,754,566
617,78,123
78,617,123
395,55,937
55,395,937
858,463,332
463,858,332
937,629,27
629,937,27
910,178,118
178,910,118
59,518,204
518,59,204
132,816,600
816,132,600
284,127,445
127,284,445
4,136,821
136,4,821
541,126,951
126,541,951
9,454,716
454,9,716
304,241,191
241,304,191
129,728,318
728,129,318
422,869,752
869,422,752
858,392,54
392,858,54
541,394,318
394,541,318
18,927,278
927,18,278
95,758,906
758,95,906
878,870,487
870,878,487
653,135,452
135,653,452
2,47,282
47,2,282
357,730,160
730,357,160
385,66,526
66,385,526
196,591,801
591,196,801
876,184,275
184,876,275
151,484,153
484,151,153
574,739,563
739,574,563
362,564,381
564,362,381
907,713,669
713,907,669
349,282,530
282,349,530
519,503,404
503,519,404
556,338,538
338,556,538
224,330,807
330,224,807
300,426,175
426,300,175
256,593,766
593,256,766
848,874,129
874,848,129
802,530,553
530,802,553
177,78,442
78,177,442
154,605,575
605,154,575
282,72,280
72,282,280
356,673,514
673,356,514
166,18,276
18,166,276
748,500,414
500,748,414
246,407,550
407,246,550
368,279,223
279,368,223
192,566,363
566,192,363
805,745,252
745,805,252
699,39,367
39,699,367
760,950,268
950,760,268
54,813,737
813,54,737
900,334,946
334,900,946
33,609,676
609,33,676
181,181,183
181,181,183
312,267,887
267,312,887
858,920,208
920,858,208
411,683,316
683,411,316
904,907,475
907,904,475
367,310,381
310,367,381
595,594,839
594,595,839
191,803,549
803,191,549
851,115,622
115,851,622
162,579,565
579,162,565
196,66,689
66,196,689
517,269,722
269,517,722
30,531,415
531,30,415
223,31,571
31,223,571
633,395,677
395,633,677
600,333,632
333,600,632
695,617,100
617,695,100
481,39,851
39,481,851
810,359,215
359,810,215
525,876,86
876,525,86
364,659,903
659,364,903
92,453,889
453,92,889
343,119,722
119,343,722
284,288,386
288,284,386
637,851,571
851,637,571
249,499,469
499,249,469
27,64,685
64,27,685
826,66,436
66,826,436
533,589,215
589,533,215
941,239,66
239,941,66
308,743,320
743,308,320
260,856,221
856,260,221
586,191,631
191,586,631
195,512,220
512,195,220
848,819,568
819,848,568
757,774,860
774,757,860
589,339,346
339,589,346
717,717,429
717,717,429
263,906,330
906,263,330
139,42,222
42,139,222
343,685,565
685,343,565
531,21,829
21,531,829
244,504,389
504,244,389
301,40,287
40,301,287
222,704,515
704,222,515
74,268,862
268,74,862
150,353,821
353,150,821
198,579,331
579,198,331
28,767,742
767,28,742
195,195,181
195,195,181
136,358,414
358,136,414
538,515,128
515,538,128
515,674,779
674,515,779
76,400,835
400,76,835
872,412,624
412,872,624
277,281,602
281,277,602
163,224,236
224,163,236
876,116,903
116,876,903
84,317,884
317,84,884
439,491,465
491,439,465
770,700,460
700,770,460
593,946,46
946,593,46
816,190,690
190,816,690
514,408,84
408,514,84
100,57,10
57,100,10
915,515,634
515,915,634
9,684,546
684,9,546
866,348,575
348,866,575
541,73,240
73,541,240
604,135,653
135,604,653
235,517,502
517,235,502
273,916,234
916,273,234
946,617,591
617,946,591
18,19,16
19,18,16
18,19,16
19,18,16
17,18,10
18,17,10
20,12,16
12,20,16
604,206,761
206,604,761
238,773,430
773,238,430
544,442,95
442,544,95
824,951,102
951,824,102
512,924,538
924,512,538
468,571,86
571,468,86
858,56,432
56,858,432
350,757,37
757,350,37
870,787,423
787,870,423
498,366,393
366,498,393
851,387,575
387,851,575
61,570,35
570,61,35
581,72,921
72,581,921
308,162,94
162,308,94
311,429,550
429,311,550
318,267,407
267,318,407
710,854,199
854,710,199
745,497,887
497,745,887
493,381,287
381,493,287
693,831,272
831,693,272
587,307,26
307,587,26
354,38,675
38,354,675
287,55,72
55,287,72
448,551,867
551,448,867
626,221,592
221,626,592
56,774,42
774,56,42
32,848,95
848,32,95
22,570,829
570,22,829
439,933,622
933,439,622
597,424,261
424,597,261
299,734,948
734,299,948
913,487,537
487,913,537
193,441,388
441,193,388
936,223,551
223,936,551
138,320,91
320,138,91
258,361,234
361,258,234
824,784,251
784,824,251
267,397,141
397,267,141
535,498,230
498,535,230
470,740,50
740,470,50
359,403,218
403,359,218
166,60,612
60,166,612
193,193,185
193,193,185
510,367,831
367,510,831
314,233,897
233,314,897
799,299,312
299,799,312
927,585,618
585,927,618
109,483,800
483,109,800
911,488,136
488,911,136
59,221,113
221,59,113
208,817,820
817,208,820
78,211,194
211,78,194
693,498,319
498,693,319
317,235,890
235,317,890
387,669,538
669,387,538
242,488,705
488,242,705
19,447,193
447,19,193
718,500,729
